05f4b9b0d5
AA AA BF FE BF FE 04 10

01 01 11 11 
01 00 10 11 10 01 10 
11 00 00 11 01 01 01



10 10 10 10 10 10 10 10
10 11 11 11 11 11 11 10
10 11 11 11 11 11 11 10
00 00 01 00 00 01 00 00

10 10 10 10 10 10 10 10
10 11 11 11 11 11 11 10
10 11 11 11 11 11 11 10
00 00 01 00 00 01 00 00

1010101010101010
1011111111111110
1011111111111110
0000010000010000

1010101010101010101111111111111010111111111111100000010000010000

00AAAABFFEBFFE0410
00aaaabffebffe0410
00aaaabffebffe0410

00AAAABFFEBFFE0410
10 10 10 10 10 10 10 10   2 2 2 2 2 2 2 2
10 11 11 11 11 11 11 10   2 3 3 3 3 3 3 2
10 11 11 11 11 11 11 10   2 3 3 3 3 3 3 2
00 00 01 00 00 01 00 00   0 0 1 0 0 1 0 0

11 11 11 11 11 11 11 11
11 10 10 10 10 10 10 11
11 10 10 10 10 10 10 11
00 00 01 00 00 01 00 00

00 00 00 00 00 00 00 00 00 10 01 10 00 01 00 11 00 00 11 11 11 11 11 11 11 00 00 11 11 11 11 11 11 11 00 00 01 00 00 00 00 01 00 00 00
3 3 3 3 3 3 3 3
3 2 2 2 2 2 2 3
3 2 2 2 2 2 2 3
0 0 1 0 0 1 0 0


   2    0       1    8
0010 0000    0001 1000
32 / 8 = 4   24 / 8 = 3


0 0 0 0 0 0 1c 0 8 0 0 0 7 80 c 0 0 0 3 ff ff
0000000000001c000800000007800c00000003ffff

000000000111000000
000000001000000000
000000000000000000
000001111000000000
001100000000000000
000000000000000000
111111111111111111

00 00 00 00 00 00 70 00 80 00 00 07 00 30 00 00 00 ff ff
0000000000007000800000070030000000ffff
0000000000007000800000070030000000ffff

0000000001110000
0000000010000000
0000000000000000
0000011100000000
0011000000000000
0000000000000000
1111111111111111





COMPARE MAIN OUTPUT TO ME:

0000aaaabffebffe0410
f -> 00000000000000000000000001010101010101010101111111111111010111111111111100000010000010000
i -> 00000000000000000010101010010101010111111010011111110111111010011111110001000000000010000
r -> 00000000000000000101010100101010100101111110111111100101111110111111100000001000000100000

nf -> 00000000000000001010101010101010101111111111111010111111111111100000010000010000
tf -> 00000000000000001010101010101010101111111111111010111111111111100000010000010000
nr -> 00000000000000001010101010101010101111111111111010111111111111100000010000010000

0000000000000000101010101010101010111111111111101011111111111110000001000001000



000 000 000 000 000 000 000 000
256 256 256 256 256 256 256 256
256 257 257 257 257 257 257 256
256 257 257 257 257 257 257 256

0 0 0 0 0 0 0 0
3 3 3 3 3 3 3 3
3 2 2 2 2 2 2 3
3 2 2 2 2 2 2 3





3 3 3 3 3 3 3 3
3 2 2 2 2 2 2 3
3 2 2 2 2 2 2 3
0 0 1 0 0 1 0 0

0 0 0 0 0 0 0 0
2 2 2 2 2 2 2 2 
2 3 3 3 3 3 3 2 
2 3 3 3 3 3 3 2

00 00 00 00 11 11 11 11 11 11 11 11 11 11 11 11 00 00 00 00 00 00 10 10 00 10 11 10 01 01 10 01\


00 00 00 00 00 00 00 00
10 10 10 10 10 10 10 10
10 11 11 11 11 11 11 10
10 11 11 11 11 11 11 10
00 00 01 00 00 01 00 00

00 00 00 00 00 00 00 00
10 10 10 10 10 10 10 10
10 11 11 11 11 11 11 10 
10 11 11 11 11 11 11 10


00 00 00 00 00 00 00 00 00 00 00 
00 01 10 11 11 01 10 
11 10 01 10 01 01 00 
00 00 00 01 11 01 00


2 2 2 2 2 2 2 2
2 3 3 3 3 3 3 2
2 3 3 3 3 3 3 2
0 0 1 0 0 1 0 0


0 0 0 0 2 2 2 2 2 2 2 2 2 3 3 3 3 3 3 2 2 3 3 3 0 0 0 0 1 1 0 0

2 2 2 2 2 2 2 2
2 3 3 3 3 3 3 2
2 3 3 3 3 3 3 2
0 0 1 0 0 1 0 0


2 2 2 2 2 2 2 2
2 3 3 3 3 3 3 2
2 3 3 3 3 3 3 2
0 0 1 0 0 1 0 0

three three three three three three three three
three four  four  four  four  four  four  three
three four  four  four  four  four  four  three
one   one   two   one   one   two   one   one